2.483499999999999943e+02
2.538000000000000114e+02
2.668999999999999773e+02
2.740000000000000000e+02
2.884499999999999886e+02
2.970500000000000114e+02
3.127500000000000000e+02
3.218500000000000227e+02
3.375500000000000114e+02
3.466499999999999773e+02
3.623500000000000227e+02
3.714499999999999886e+02
3.871499999999999773e+02
3.962500000000000000e+02
4.119499999999999886e+02
4.210500000000000114e+02
4.367500000000000000e+02
4.458500000000000227e+02
4.615500000000000114e+02
4.706499999999999773e+02
4.863500000000000227e+02
4.954499999999999886e+02
5.111499999999999773e+02
5.202500000000000000e+02
5.394500000000000455e+02
5.520499999999999545e+02
5.712500000000000000e+02
5.838500000000000227e+02
6.030499999999999545e+02
6.156499999999999773e+02
6.348500000000000227e+02
6.474500000000000455e+02
6.666499999999999773e+02
6.792500000000000000e+02
