223.8000030517578
226.6999969482422
233.0500030517578
237.4499969482422
245.3000030517578
251.1999969482422
260.29998779296875
266.70001220703125
275.79998779296875
282.20001220703125
291.29998779296875
297.70001220703125
306.79998779296875
313.20001220703125
322.29998779296875
328.70001220703125
337.79998779296875
344.20001220703125
353.29998779296875
359.70001220703125
368.79998779296875
375.20001220703125
384.29998779296875
390.70001220703125
403.29998779296875
413.20001220703125
425.79998779296875
435.70001220703125
448.29998779296875
458.20001220703125
470.79998779296875
480.70001220703125
493.29998779296875
503.20001220703125
